NAME: ber-n50-1
LOCATION: Berlin
COMMENT:  Sartori and Buriol (2019)
SIZE: 50
DEPOTS: 4
ROUTE-TIME: 240
TIME-WINDOW: 60
VEHICLES
<type>       <cw>        <mp>       
Light duty   3500        4000       
Medium duty  5500        12500      
Heavy duty   14000       26000      
NODES
<id>   <lt>        <lg>        <dem>  <lTW>  <uTW>  <dur>  <p>    <d>   
1      52.56572710 13.34496640 2067   21     81     10     0      26    
2      52.48504600 13.56189730 663    150    210    10     0      27    
3      52.54210370 13.58862160 936    125    185    10     0      28    
4      52.55126110 13.36654610 2171   110    170    10     0      29    
5      52.49360630 13.55333550 2314   99     159    10     0      30    
6      52.56853360 13.35196760 1820   2      62     10     0      31    
7      52.53432200 13.55821270 1105   31     91     10     0      32    
8      52.54628570 13.58680940 754    72     132    10     0      33    
9      52.52894710 13.55123440 962    108    168    10     0      34    
10     52.56863610 13.31241050 1638   0      240    10     0      35    
11     52.56420140 13.37016450 1222   151    211    10     0      36    
12     52.53566440 13.62231290 286    0      240    10     0      37    
13     52.49362830 13.56532290 2314   63     123    10     0      38    
14     52.52283680 13.61575090 741    45     105    10     0      39    
15     52.55096290 13.36170450 364    22     82     10     0      40    
16     52.53017600 13.55307840 1677   0      240    10     0      41    
17     52.47431540 13.53503340 1378   68     128    10     0      42    
18     52.57406570 13.36055740 208    125    185    10     0      43    
19     52.57305930 13.30930360 2327   63     123    10     0      44    
20     52.56630470 13.32728750 221    103    163    10     0      45    
21     52.56229240 13.37385940 1274   24     84     10     0      46    
22     52.46832900 13.58931690 1417   53     113    10     0      47    
23     52.55183670 13.36089390 1690   6      66     10     0      48    
24     52.57369030 13.37014800 1716   133    193    10     0      49    
25     52.56839430 13.39512210 1326   62     122    10     0      50    
26     52.53577120 13.59993960 -2067  125    185    10     1      0     
27     52.48887130 13.57022600 -663   163    207    10     2      0     
28     52.50703390 13.24041530 -936   185    220    10     3      0     
29     52.48279610 13.43972680 -2171  140    200    10     4      0     
30     52.58429820 13.30876660 -2314  154    214    10     5      0     
31     52.44612520 13.30369210 -1820  44     104    10     6      0     
32     52.51679030 13.61394920 -1105  51     111    10     7      0     
33     52.55855760 13.15846080 -754   141    201    10     8      0     
34     52.43606820 13.21922370 -962   177    219    10     9      0     
35     52.41198910 13.14584580 -1638  0      240    10     10     0     
36     52.52256640 13.23853700 -1222  179    219    10     11     0     
37     52.54153870 13.59462110 -286   0      240    10     12     0     
38     52.55910120 13.18110630 -2314  130    190    10     13     0     
39     52.54808050 13.43455650 -741   83     143    10     14     0     
40     52.63581680 13.29146470 -364   62     122    10     15     0     
41     52.44135070 13.57843320 -1677  0      240    10     16     0     
42     52.43785080 13.47285720 -1378  95     155    10     17     0     
43     52.52923300 13.13343410 -208   167    207    10     18     0     
44     52.38319320 13.42252330 -2327  111    171    10     19     0     
45     52.49075830 13.28698900 -221   126    186    10     20     0     
46     52.56752530 13.37490570 -1274  36     96     10     21     0     
47     52.54699330 13.36956500 -1417  101    161    10     22     0     
48     52.58480080 13.37773090 -1690  25     85     10     23     0     
49     52.49630170 13.47456700 -1716  168    217    10     24     0     
50     52.60147510 13.45202780 -1326  88     148    10     25     0     
DEPOTS
<id>   <lt>        <lg>        <lTW>  <uTW> 
51     52.44542600 13.37104110 0      240   
52     52.48189560 13.28884730 0      240   
53     52.40975000 13.65773450 0      240   
54     52.51428120 13.59613570 0      240   
