NAME: bar-n30-5
LOCATION: Barcelona
COMMENT:  Sartori and Buriol (2019)
SIZE: 30
DEPOTS: 4
ROUTE-TIME: 240
TIME-WINDOW: 120
VEHICLES
<type>       <cw>        <mp>       
Light duty   3500        4000       
Medium duty  5500        12500      
Heavy duty   14000       26000      
NODES
<id>   <lt>        <lg>        <dem>  <lTW>  <uTW>  <dur>  <p>    <d>   
1      41.31681010 2.09798110  720    304    424    15     0      16    
2      41.31148380 2.07246850  1840   316    436    15     0      17    
3      41.40033130 2.12148450  2280   0      71     15     0      18    
4      41.41873420 2.13887050  1960   215    335    15     0      19    
5      41.41044450 2.18192170  720    113    233    15     0      20    
6      41.37803450 2.16121740  2400   140    260    15     0      21    
7      41.38799340 2.14063730  1200   281    401    15     0      22    
8      41.44324380 2.17807350  560    360    480    15     0      23    
9      41.39909770 2.14071460  2160   217    337    15     0      24    
10     41.42372160 2.16375510  640    165    285    15     0      25    
11     41.37042900 2.09817440  2240   61     181    15     0      26    
12     41.40599390 2.15628490  1000   150    270    15     0      27    
13     41.40392420 2.14456310  2320   74     194    15     0      28    
14     41.35825570 2.09842340  2320   292    412    15     0      29    
15     41.39557650 2.12519380  1080   56     176    15     0      30    
16     41.44963510 2.18988650  -720   344    464    15     1      0     
17     41.37870870 2.16523670  -1840  348    468    15     2      0     
18     41.41385640 2.16210670  -2280  25     145    15     3      0     
19     41.43915850 2.21866200  -1960  246    366    15     4      0     
20     41.39790440 2.07797350  -720   151    271    15     5      0     
21     41.44627060 2.07196980  -2400  173    293    15     6      0     
22     41.39793640 2.19504420  -1200  308    428    15     7      0     
23     41.38059620 2.17517700  -560   390    472    15     8      0     
24     41.38366490 2.16499120  -2160  238    358    15     9      0     
25     41.36909640 2.05670900  -640   201    321    15     10     0     
26     41.45036990 2.20466090  -2240  214    334    15     11     0     
27     41.42572440 2.17710530  -1000  173    293    15     12     0     
28     41.39960600 2.15098240  -2320  92     212    15     13     0     
29     41.38427080 2.15304420  -2320  321    441    15     14     0     
30     41.36734900 2.09902450  -1080  81     201    15     15     0     
DEPOTS
<id>   <lt>        <lg>        <lTW>  <uTW> 
31     41.40135400 2.14039980  0      240   
32     41.45044970 2.22017480  0      240   
33     41.37364480 2.12153500  0      240   
34     41.42487430 2.15596920  0      240   
