NAME: ber-n70-1
LOCATION: Berlin
COMMENT:  Sartori and Buriol (2019)
SIZE: 70
DEPOTS: 4
ROUTE-TIME: 240
TIME-WINDOW: 120
VEHICLES
<type>       <cw>        <mp>       
Light duty   3500        4000       
Medium duty  5500        12500      
Heavy duty   14000       26000      
NODES
<id>   <lt>        <lg>        <dem>  <lTW>  <uTW>  <dur>  <p>    <d>   
1      52.56959730 13.49338000 910    134    254    5      0      36    
2      52.44707230 13.29926760 1651   170    290    5      0      37    
3      52.54869330 13.34286220 1027   278    398    5      0      38    
4      52.46101290 13.28030080 1209   26     146    5      0      39    
5      52.44415920 13.31274530 1703   376    480    5      0      40    
6      52.54724030 13.36954610 689    126    246    5      0      41    
7      52.44663620 13.29883550 2249   0      480    5      0      42    
8      52.55156340 13.36907290 221    288    408    5      0      43    
9      52.44524120 13.30807270 858    21     141    5      0      44    
10     52.44612520 13.30369210 1976   351    471    5      0      45    
11     52.45058330 13.30898500 715    358    478    5      0      46    
12     52.44089790 13.27557840 1781   0      480    5      0      47    
13     52.48209040 13.29704340 1105   0      87     5      0      48    
14     52.56288980 13.48162770 2132   95     215    5      0      49    
15     52.44137260 13.29541840 1625   228    348    5      0      50    
16     52.56356970 13.48794320 2132   141    261    5      0      51    
17     52.55005300 13.35208630 2015   5      125    5      0      52    
18     52.54855790 13.36368060 1664   140    260    5      0      53    
19     52.42822990 13.31317950 910    312    432    5      0      54    
20     52.45688290 13.31084750 2067   139    259    5      0      55    
21     52.54753400 13.36697200 1807   301    421    5      0      56    
22     52.54844460 13.35597630 182    128    248    5      0      57    
23     52.55514920 13.34943610 1482   0      480    5      0      58    
24     52.56409980 13.50112190 1547   320    440    5      0      59    
25     52.44862500 13.29813100 1014   0      480    5      0      60    
26     52.57228750 13.49597590 871    0      480    5      0      61    
27     52.44786640 13.29887560 1716   339    459    5      0      62    
28     52.44499550 13.27331310 468    0      480    5      0      63    
29     52.55034990 13.35097680 2327   47     167    5      0      64    
30     52.46431490 13.30564460 429    313    433    5      0      65    
31     52.55607550 13.50601640 1781   141    261    5      0      66    
32     52.44398580 13.32163650 1027   369    480    5      0      67    
33     52.44649930 13.28967830 2275   266    386    5      0      68    
34     52.44488190 13.30982880 364    47     167    5      0      69    
35     52.56370900 13.48191380 1196   104    224    5      0      70    
36     52.56659530 13.51542360 -910   143    263    5      1      0     
37     52.44379430 13.30260650 -1651  178    298    5      2      0     
38     52.56317020 13.36316120 -1027  290    410    5      3      0     
39     52.44451020 13.31731510 -1209  40     160    5      4      0     
40     52.44545780 13.29768250 -1703  386    469    5      5      0     
41     52.57907150 13.37426800 -689   139    259    5      6      0     
42     52.44298860 13.31632290 -2249  0      480    5      7      0     
43     52.53055750 13.36229720 -221   300    420    5      8      0     
44     52.45000660 13.30288850 -858   28     148    5      9      0     
45     52.44624420 13.28302160 -1976  360    471    5      10     0     
46     52.45451500 13.27589960 -715   371    470    5      11     0     
47     52.44707400 13.30061350 -1781  0      480    5      12     0     
48     52.55874930 13.48488220 -1105  37     157    5      13     0     
49     52.55536790 13.50034350 -2132  106    226    5      14     0     
50     52.45948280 13.32535120 -1625  240    360    5      15     0     
51     52.57137380 13.50197100 -2132  152    272    5      16     0     
52     52.54689450 13.30917020 -2015  17     137    5      17     0     
53     52.55461000 13.34414200 -1664  150    270    5      18     0     
54     52.44402510 13.29678260 -910   321    441    5      19     0     
55     52.43842780 13.27290860 -2067  152    272    5      20     0     
56     52.54366410 13.34984780 -1807  311    431    5      21     0     
57     52.55284150 13.37151680 -182   137    257    5      22     0     
58     52.54897040 13.35096250 -1482  0      480    5      23     0     
59     52.57488280 13.48258900 -1547  332    437    5      24     0     
60     52.43870040 13.30493360 -1014  0      480    5      25     0     
61     52.57207640 13.49293570 -871   0      480    5      26     0     
62     52.44597970 13.30101500 -1716  346    466    5      27     0     
63     52.44744590 13.31855490 -468   0      480    5      28     0     
64     52.53944740 13.34828330 -2327  57     177    5      29     0     
65     52.44609140 13.30714220 -429   326    446    5      30     0     
66     52.55861920 13.49153950 -1781  150    270    5      31     0     
67     52.44880070 13.29616150 -1027  382    469    5      32     0     
68     52.43375310 13.27346970 -2275  276    396    5      33     0     
69     52.43605190 13.28976720 -364   57     177    5      34     0     
70     52.56420820 13.48454470 -1196  110    230    5      35     0     
DEPOTS
<id>   <lt>        <lg>        <lTW>  <uTW> 
71     52.42342570 13.24026710 0      240   
72     52.57249920 13.49379650 0      240   
73     52.57593720 13.50674690 0      240   
74     52.56260030 13.49619530 0      240   
