NAME: ber-n50-2
LOCATION: Berlin
COMMENT:  Sartori and Buriol (2019)
SIZE: 50
DEPOTS: 4
ROUTE-TIME: 240
TIME-WINDOW: 120
VEHICLES
<type>       <cw>        <mp>       
Light duty   3500        4000       
Medium duty  5500        12500      
Heavy duty   14000       26000      
NODES
<id>   <lt>        <lg>        <dem>  <lTW>  <uTW>  <dur>  <p>    <d>   
1      52.41387400 13.27436730 1040   31     151    10     0      26    
2      52.57485520 13.28607790 560    184    304    10     0      27    
3      52.49359770 13.35164240 1200   245    365    10     0      28    
4      52.45347430 13.51895900 840    187    307    10     0      29    
5      52.41815580 13.28021940 720    298    418    10     0      30    
6      52.47566750 13.38258180 2200   267    387    10     0      31    
7      52.43717970 13.24925450 920    32     152    10     0      32    
8      52.48197450 13.34208980 1800   110    230    10     0      33    
9      52.44911980 13.31461880 440    294    414    10     0      34    
10     52.57440120 13.28530330 1560   50     170    10     0      35    
11     52.41866520 13.28002700 640    38     158    10     0      36    
12     52.51105570 13.38943000 1480   0      480    10     0      37    
13     52.47850150 13.35671170 1480   117    237    10     0      38    
14     52.45509050 13.51482720 1560   0      105    10     0      39    
15     52.47723360 13.37961900 1360   42     162    10     0      40    
16     52.41553680 13.30475740 480    227    347    10     0      41    
17     52.41876170 13.26109110 1560   323    443    10     0      42    
18     52.45229820 13.52462600 1520   101    221    10     0      43    
19     52.58521030 13.27802800 480    199    319    10     0      44    
20     52.57368690 13.28001490 2120   7      127    10     0      45    
21     52.60507210 13.31561150 2120   136    256    10     0      46    
22     52.45361060 13.51828650 2240   230    350    10     0      47    
23     52.58831210 13.28773300 1600   342    462    10     0      48    
24     52.47436900 13.37288240 1120   284    404    10     0      49    
25     52.46535970 13.49054440 400    231    351    10     0      50    
26     52.52858790 13.19164820 -1040  76     196    10     1      0     
27     52.41701040 13.25556940 -560   231    351    10     2      0     
28     52.46048390 13.57376370 -1200  289    409    10     3      0     
29     52.50399910 13.37060250 -840   221    341    10     4      0     
30     52.48067610 13.36159970 -720   324    444    10     5      0     
31     52.42278460 13.32276060 -2200  296    416    10     6      0     
32     52.43607530 13.29970400 -920   51     171    10     7      0     
33     52.52046380 13.33516780 -1800  131    251    10     8      0     
34     52.58194900 13.22355210 -440   337    432    10     9      0     
35     52.51390080 13.62461480 -1560  114    234    10     10     0     
36     52.45240590 13.24532770 -640   62     182    10     11     0     
37     52.54134460 13.42406940 -1480  0      480    10     12     0     
38     52.48212760 13.34697680 -1480  129    249    10     13     0     
39     52.50725340 13.28479560 -1560  35     155    10     14     0     
40     52.44528330 13.32149310 -1360  65     185    10     15     0     
41     52.55395940 13.43526150 -480   270    390    10     16     0     
42     52.42512030 13.27219620 -1560  337    437    10     17     0     
43     52.42196450 13.39995000 -1520  252    372    10     18     0     
44     52.44321480 13.27802410 -480   234    354    10     19     0     
45     52.46774830 13.56860570 -2120  68     188    10     20     0     
46     52.41641090 13.27738640 -2120  179    299    10     21     0     
47     52.47971270 13.38450100 -2240  259    379    10     22     0     
48     52.59271880 13.29868150 -1600  357    439    10     23     0     
49     52.44169160 13.50122890 -1120  309    429    10     24     0     
50     52.39836780 13.40524210 -400   263    383    10     25     0     
DEPOTS
<id>   <lt>        <lg>        <lTW>  <uTW> 
51     52.50076700 13.55308830 0      240   
52     52.58714290 13.39859010 0      240   
53     52.45818160 13.51188870 0      240   
54     52.51984920 13.38091320 0      240   
