NAME: ber-n70-2
LOCATION: Berlin
COMMENT:  Sartori and Buriol (2019)
SIZE: 70
DEPOTS: 4
ROUTE-TIME: 240
TIME-WINDOW: 60
VEHICLES
<type>       <cw>        <mp>       
Light duty   3500        4000       
Medium duty  5500        12500      
Heavy duty   14000       26000      
NODES
<id>   <lt>        <lg>        <dem>  <lTW>  <uTW>  <dur>  <p>    <d>   
1      52.51529500 13.16368580 400    58     118    10     0      36    
2      52.49777810 13.47086110 1760   238    298    10     0      37    
3      52.51062880 13.17770780 680    143    203    10     0      38    
4      52.51198060 13.18096800 1240   150    210    10     0      39    
5      52.55292060 13.46807950 1000   0      480    10     0      40    
6      52.56788880 13.34799280 520    0      480    10     0      41    
7      52.51612060 13.31825520 840    117    177    10     0      42    
8      52.56210560 13.48357580 1120   318    378    10     0      43    
9      52.55824230 13.15348330 1160   313    373    10     0      44    
10     52.54929920 13.19851250 2320   226    286    10     0      45    
11     52.55403000 13.35974490 1160   94     154    10     0      46    
12     52.56640860 13.37342310 480    378    438    10     0      47    
13     52.57250720 13.37497320 1520   68     128    10     0      48    
14     52.59568810 13.36807980 600    8      68     10     0      49    
15     52.55460670 13.51797300 1200   31     91     10     0      50    
16     52.47558490 13.60802530 600    0      480    10     0      51    
17     52.56001860 13.41577990 2320   277    337    10     0      52    
18     52.57941120 13.36989960 2240   83     143    10     0      53    
19     52.56451570 13.34279800 2280   349    409    10     0      54    
20     52.53725450 13.48774180 2000   131    191    10     0      55    
21     52.55077660 13.46298250 1760   309    369    10     0      56    
22     52.51365860 13.17852140 1640   382    442    10     0      57    
23     52.47031970 13.51058900 680    17     77     10     0      58    
24     52.54149790 13.51466540 1800   162    222    10     0      59    
25     52.51223920 13.18747900 2000   77     137    10     0      60    
26     52.55565550 13.16017180 520    58     118    10     0      61    
27     52.56731110 13.44379630 2280   331    391    10     0      62    
28     52.56302070 13.36159580 1760   335    395    10     0      63    
29     52.55334880 13.36536040 1680   76     136    10     0      64    
30     52.57478670 13.33586050 2280   159    219    10     0      65    
31     52.58152370 13.38432770 1520   203    263    10     0      66    
32     52.56449530 13.37074430 2200   0      58     10     0      67    
33     52.53530140 13.55419700 2320   276    336    10     0      68    
34     52.58560580 13.37671100 680    382    442    10     0      69    
35     52.49301870 13.18136000 880    140    200    10     0      70    
36     52.46449570 13.16337750 -400   141    201    10     1      0     
37     52.52034270 13.54778610 -1760  266    326    10     2      0     
38     52.50607810 13.18521640 -680   157    217    10     3      0     
39     52.51839420 13.16693040 -1240  164    224    10     4      0     
40     52.54287080 13.56111620 -1000  0      480    10     5      0     
41     52.55788100 13.34114160 -520   0      480    10     6      0     
42     52.56074820 13.34360250 -840   141    201    10     7      0     
43     52.53594690 13.51805610 -1120  340    400    10     8      0     
44     52.52732990 13.14153920 -1160  334    394    10     9      0     
45     52.51393670 13.18781650 -2320  246    306    10     10     0     
46     52.56903610 13.36999270 -1160  109    169    10     11     0     
47     52.55197020 13.36674800 -480   392    452    10     12     0     
48     52.53348890 13.34390800 -1520  89     149    10     13     0     
49     52.58413120 13.36071150 -600   22     82     10     14     0     
50     52.52685970 13.55122190 -1200  52     112    10     15     0     
51     52.51688870 13.49021810 -600   0      480    10     16     0     
52     52.55274910 13.35727780 -2320  297    357    10     17     0     
53     52.56612210 13.36578000 -2240  100    160    10     18     0     
54     52.58581990 13.32355390 -2280  369    429    10     19     0     
55     52.56340510 13.48739990 -2000  153    213    10     20     0     
56     52.53933920 13.54903420 -1760  335    395    10     21     0     
57     52.51147330 13.17155240 -1640  394    454    10     22     0     
58     52.50665960 13.49608490 -680   42     102    10     23     0     
59     52.53898650 13.50936400 -1800  176    236    10     24     0     
60     52.52852780 13.17237210 -2000  93     153    10     25     0     
61     52.50792220 13.18170080 -520   83     143    10     26     0     
62     52.57364560 13.35783500 -2280  358    418    10     27     0     
63     52.55981610 13.35876540 -1760  347    407    10     28     0     
64     52.57978480 13.36906540 -1680  95     155    10     29     0     
65     52.57155510 13.40029040 -2280  241    301    10     30     0     
66     52.56610660 13.34996100 -1520  221    281    10     31     0     
67     52.57669980 13.35406590 -2200  16     76     10     32     0     
68     52.51353060 13.51530380 -2320  298    358    10     33     0     
69     52.57735960 13.31819990 -680   404    461    10     34     0     
70     52.52959160 13.17481270 -880   220    280    10     35     0     
DEPOTS
<id>   <lt>        <lg>        <lTW>  <uTW> 
71     52.46554110 13.34531450 0      240   
72     52.51876300 13.13167460 0      240   
73     52.51779200 13.16227080 0      240   
74     52.57542700 13.36044760 0      240   
