NAME: bar-n10-2
LOCATION: Barcelona
COMMENT:  Sartori and Buriol (2019)
SIZE: 10
DEPOTS: 4
ROUTE-TIME: 240
TIME-WINDOW: 120
VEHICLES
<type>       <cw>        <mp>       
Light duty   3500        4000       
Medium duty  5500        12500      
Heavy duty   14000       26000      
NODES
<id>   <lt>        <lg>        <dem>  <lTW>  <uTW>  <dur>  <p>    <d>   
1      41.43035640 2.19642600  2160   209    329    15     0      6     
2      41.43642380 2.22020440  2320   324    444    15     0      7     
3      41.39569180 2.16167430  760    249    369    15     0      8     
4      41.43830100 2.16705130  1360   314    434    15     0      9     
5      41.44419630 2.21268340  1800   103    223    15     0      10    
6      41.43472570 2.17180200  -2160  228    348    15     1      0     
7      41.44956580 2.21339420  -2320  346    460    15     2      0     
8      41.40375100 2.13983070  -760   270    390    15     3      0     
9      41.42904810 2.18229840  -1360  335    455    15     4      0     
10     41.43503780 2.21231370  -1800  242    362    15     5      0     
DEPOTS
<id>   <lt>        <lg>        <lTW>  <uTW> 
11     41.37381530 2.14590850  0      240   
12     41.36327480 2.07212950  0      240   
13     41.32975210 2.09486990  0      240   
14     41.41581390 2.16523810  0      240   
