NAME: bar-n10-1
LOCATION: Barcelona
COMMENT:  Sartori and Buriol (2019)
SIZE: 10
DEPOTS: 4
ROUTE-TIME: 240
TIME-WINDOW: 120
VEHICLES
<type>       <cw>        <mp>       
Light duty   3500        4000       
Medium duty  5500        12500      
Heavy duty   14000       26000      
NODES
<id>   <lt>        <lg>        <dem>  <lTW>  <uTW>  <dur>  <p>    <d>   
1      41.40052560 2.11713440  286    129    240    5      0      6     
2      41.39406020 2.19094860  260    0      92     5      0      7     
3      41.42137720 2.08627070  1911   116    236    5      0      8     
4      41.42227070 2.13323310  949    117    237    5      0      9     
5      41.43640110 2.18893560  2054   0      85     5      0      10    
6      41.39747430 2.12799110  -286   137    237    5      1      0     
7      41.41266620 2.16020560  -260   13     133    5      2      0     
8      41.39002880 2.11717190  -1911  138    236    5      3      0     
9      41.44289120 2.21485120  -949   143    224    5      4      0     
10     41.44130830 2.20664850  -2054  11     131    5      5      0     
DEPOTS
<id>   <lt>        <lg>        <lTW>  <uTW> 
11     41.39753660 2.12356330  0      240   
12     41.38963490 2.10462520  0      240   
13     41.39860540 2.16167630  0      240   
14     41.37970190 2.16988380  0      240   
