NAME: bar-n30-1
LOCATION: Barcelona
COMMENT:  Sartori and Buriol (2019)
SIZE: 30
DEPOTS: 4
ROUTE-TIME: 240
TIME-WINDOW: 60
VEHICLES
<type>       <cw>        <mp>       
Light duty   3500        4000       
Medium duty  5500        12500      
Heavy duty   14000       26000      
NODES
<id>   <lt>        <lg>        <dem>  <lTW>  <uTW>  <dur>  <p>    <d>   
1      41.36760660 2.11569190  858    45     105    15     0      16    
2      41.36413100 2.09329880  1131   87     147    15     0      17    
3      41.39586350 2.19340930  1196   58     118    15     0      18    
4      41.37197430 2.14211150  1677   88     148    15     0      19    
5      41.34999740 2.07417170  793    0      240    15     0      20    
6      41.44957200 2.22278830  1755   0      58     15     0      21    
7      41.45173480 2.23690850  754    105    165    15     0      22    
8      41.45190710 2.23617660  1222   58     118    15     0      23    
9      41.42769190 2.09075960  2158   21     81     15     0      24    
10     41.45055340 2.21993370  1365   32     92     15     0      25    
11     41.37983590 2.13115150  156    52     112    15     0      26    
12     41.38921840 2.15784410  1378   142    202    15     0      27    
13     41.44674530 2.23819590  286    60     120    15     0      28    
14     41.36115340 2.10029290  1066   149    209    15     0      29    
15     41.37899450 2.17316270  1001   158    218    15     0      30    
16     41.45677710 2.18283440  -858   81     141    15     1      0     
17     41.32899310 2.09268780  -1131  116    176    15     2      0     
18     41.43418320 2.16800830  -1196  84     144    15     3      0     
19     41.44532950 2.22153140  -1677  126    186    15     4      0     
20     41.41942110 2.14194190  -793   0      240    15     5      0     
21     41.45193300 2.21303460  -1755  21     81     15     6      0     
22     41.44407090 2.07340450  -754   152    212    15     7      0     
23     41.37545680 2.10404450  -1222  96     156    15     8      0     
24     41.40325680 2.20202010  -2158  55     115    15     9      0     
25     41.37544130 2.16490430  -1365  65     125    15     10     0     
26     41.45769580 2.07725420  -156   87     147    15     11     0     
27     41.42697120 2.19738700  -1378  168    228    15     12     0     
28     41.38265950 2.13453030  -286   101    161    15     13     0     
29     41.36396960 2.09647420  -1066  168    215    15     14     0     
30     41.40186090 2.20297820  -1001  185    231    15     15     0     
DEPOTS
<id>   <lt>        <lg>        <lTW>  <uTW> 
31     41.43377090 2.23196630  0      240   
32     41.37409250 2.12181030  0      240   
33     41.39827610 2.20393680  0      240   
34     41.36921290 2.12795330  0      240   
