NAME: nyc-n100-1
LOCATION: New-York
COMMENT:  Sartori and Buriol (2019)
SIZE: 100
DEPOTS: 4
ROUTE-TIME: 240
TIME-WINDOW: 30
VEHICLES
<type>       <cw>        <mp>       
Light duty   3500        4000       
Medium duty  5500        12500      
Heavy duty   14000       26000      
NODES
<id>   <lt>        <lg>        <dem>  <lTW>  <uTW>  <dur>  <p>    <d>   
1      40.78147900 -73.95216400 666    31     61     2      0      51    
2      40.75847200 -73.98519100 2664   12     42     2      0      52    
3      40.78892500 -73.94055900 1332   9      39     2      0      53    
4      40.74179500 -73.90491500 666    22     52     2      0      54    
5      40.75106800 -73.99398000 666    119    149    2      0      55    
6      40.75342900 -73.97871400 666    136    166    2      0      56    
7      40.76530800 -73.99748200 2664   47     77     2      0      57    
8      40.75089600 -73.99449200 666    47     77     2      0      58    
9      40.78080400 -73.98162100 666    10     40     2      0      59    
10     40.78011700 -73.98157500 666    164    194    2      0      60    
11     40.76009400 -73.97193900 666    4      34     2      0      61    
12     40.73971900 -73.99502600 666    13     43     2      0      62    
13     40.77068300 -73.95699300 666    183    213    2      0      63    
14     40.75012600 -73.99153100 666    90     120    2      0      64    
15     40.74957300 -73.99239300 666    46     76     2      0      65    
16     40.77935800 -73.94731100 1332   95     125    2      0      66    
17     40.76923000 -73.96956600 666    6      36     2      0      67    
18     40.73772800 -73.99256100 1332   122    152    2      0      68    
19     40.75637800 -73.99005900 666    97     127    2      0      69    
20     40.75113700 -73.99062300 666    138    168    2      0      70    
21     40.77928500 -73.94776200 666    8      38     2      0      71    
22     40.74870700 -73.99130200 666    5      35     2      0      72    
23     40.76790600 -73.95919800 666    102    132    2      0      73    
24     40.77404400 -73.87284900 666    127    157    2      0      74    
25     40.75017200 -73.99168400 666    39     69     2      0      75    
26     40.68906000 -73.98886900 1332   39     69     2      0      76    
27     40.74731800 -73.98140000 666    96     126    2      0      77    
28     40.80263500 -73.96797900 666    13     43     2      0      78    
29     40.76298900 -73.98192600 666    115    145    2      0      79    
30     40.77238500 -73.95900000 666    22     52     2      0      80    
31     40.78021600 -73.95731400 666    8      38     2      0      81    
32     40.76702100 -73.95959500 666    166    196    2      0      82    
33     40.76272200 -73.95780900 666    151    181    2      0      83    
34     40.77455900 -73.96395900 666    66     96     2      0      84    
35     40.80664800 -73.96504200 2664   188    218    2      0      85    
36     40.64436300 -73.78249400 666    26     56     2      0      86    
37     40.74844000 -73.99117300 666    13     43     2      0      87    
38     40.71401600 -73.95794700 666    14     44     2      0      88    
39     40.75526000 -73.97967500 666    34     64     2      0      89    
40     40.75196800 -73.97811100 1332   26     56     2      0      90    
41     40.80115500 -73.96135700 666    24     54     2      0      91    
42     40.77869800 -73.98218500 666    5      35     2      0      92    
43     40.78664000 -73.95039400 666    145    175    2      0      93    
44     40.75323100 -73.97204600 666    13     43     2      0      94    
45     40.75888800 -73.96878800 666    39     69     2      0      95    
46     40.70909900 -73.95871000 666    108    138    2      0      96    
47     40.79244600 -73.97345700 666    35     65     2      0      97    
48     40.76080700 -73.96888000 1332   148    178    2      0      98    
49     40.75699200 -73.97759200 666    63     93     2      0      99    
50     40.75946800 -73.97964500 666    153    183    2      0      100   
51     40.84122100 -73.93978100 -666   48     78     2      1      0     
52     40.71054800 -74.01059000 -2664  39     69     2      2      0     
53     40.75129300 -73.99025700 -1332  34     64     2      3      0     
54     40.76456800 -73.95835900 -666   46     76     2      4      0     
55     40.78852500 -73.95504000 -666   144    174    2      5      0     
56     40.74946600 -73.99160000 -666   154    184    2      6      0     
57     40.60759700 -74.01674700 -2664  80     110    2      7      0     
58     40.76032600 -73.97219100 -666   67     97     2      8      0     
59     40.75502800 -73.96836900 -666   30     60     2      9      0     
60     40.76409900 -73.95903000 -666   195    225    2      10     0     
61     40.74782200 -74.00380700 -666   21     51     2      11     0     
62     40.76645300 -73.98155200 -666   33     63     2      12     0     
63     40.72287000 -73.99491100 -666   203    233    2      13     0     
64     40.76524700 -73.97849300 -666   108    138    2      14     0     
65     40.80787300 -73.96396600 -666   65     95     2      15     0     
66     40.72254600 -74.00138900 -1332  118    148    2      16     0     
67     40.71509600 -74.01365700 -666   32     62     2      17     0     
68     40.75958600 -73.97193100 -1332  143    173    2      18     0     
69     40.74506800 -73.98793800 -666   125    155    2      19     0     
70     40.72350300 -73.99851200 -666   161    191    2      20     0     
71     40.76573900 -73.97959100 -666   29     59     2      21     0     
72     40.70870600 -74.01110800 -666   28     58     2      22     0     
73     40.74837100 -73.98474900 -666   121    151    2      23     0     
74     40.74484600 -73.83731100 -666   146    176    2      24     0     
75     40.76253900 -73.97953800 -666   60     90     2      25     0     
76     40.71126900 -74.00972700 -1332  59     89     2      26     0     
77     40.77442200 -73.94547300 -666   116    146    2      27     0     
78     40.73417700 -73.99974800 -666   30     60     2      28     0     
79     40.81689500 -73.91071300 -666   152    182    2      29     0     
80     40.74330100 -73.98925800 -666   45     75     2      30     0     
81     40.75985300 -73.97982000 -666   27     57     2      31     0     
82     40.74683400 -73.98243700 -666   183    213    2      32     0     
83     40.74684100 -73.97940800 -666   178    208    2      33     0     
84     40.72870300 -73.98414600 -666   114    144    2      34     0     
85     40.76501100 -73.98151400 -2664  205    235    2      35     0     
86     40.85547300 -73.82278400 -666   55     85     2      36     0     
87     40.75632100 -73.97049700 -666   36     66     2      37     0     
88     40.72519300 -73.99499500 -666   31     61     2      38     0     
89     40.72328900 -73.99921400 -666   58     88     2      39     0     
90     40.70977000 -74.01027700 -1332  70     100    2      40     0     
91     40.76190600 -73.96838400 -666   42     72     2      41     0     
92     40.76090600 -73.97478500 -666   27     57     2      42     0     
93     40.75149200 -73.96872700 -666   164    194    2      43     0     
94     40.71911200 -74.00212100 -666   35     65     2      44     0     
95     40.78334400 -73.97863000 -666   58     88     2      45     0     
96     40.64382600 -73.79035900 -666   147    177    2      46     0     
97     40.76036800 -73.99129500 -666   54     84     2      47     0     
98     40.70975100 -74.01477800 -1332  165    195    2      48     0     
99     40.75075500 -73.97032900 -666   82     112    2      49     0     
100    40.76315700 -73.97724200 -666   174    204    2      50     0     
DEPOTS
<id>   <lt>        <lg>        <lTW>  <uTW> 
101    40.75836600 -73.98626700 0      240   
102    40.75699200 -73.97759200 0      240   
103    40.75075500 -73.97032900 0      240   
104    40.76315700 -73.97724200 0      240   
