NAME: poa-n200-1
LOCATION: Porto-Alegre
COMMENT:  Sartori and Buriol (2019)
SIZE: 200
DEPOTS: 4
ROUTE-TIME: 240
TIME-WINDOW: 60
VEHICLES
<type>       <cw>        <mp>       
Light duty   3500        4000       
Medium duty  5500        12500      
Heavy duty   14000       26000      
NODES
<id>   <lt>        <lg>        <dem>  <lTW>  <uTW>  <dur>  <p>    <d>   
1      -30.16135050 -51.18203900 1898   64     124    5      0      101   
2      -30.11153730 -51.23046620 962    95     155    5      0      102   
3      -30.03695900 -51.12635510 1508   139    199    5      0      103   
4      -30.07116960 -51.23449320 1027   75     135    5      0      104   
5      -30.00345910 -51.20193660 1352   0      240    5      0      105   
6      -30.02153560 -51.10978430 1105   66     126    5      0      106   
7      -30.03160630 -51.13439590 1560   58     118    5      0      107   
8      -30.03291210 -51.11538520 715    10     70     5      0      108   
9      -30.03377940 -51.13216460 741    0      49     5      0      109   
10     -30.01317400 -51.12006280 1703   125    185    5      0      110   
11     -30.02309270 -51.12169930 2184   161    221    5      0      111   
12     -30.04650370 -51.13165870 338    110    170    5      0      112   
13     -30.02818590 -51.08903900 312    74     134    5      0      113   
14     -30.03576520 -51.10568080 1261   92     152    5      0      114   
15     -30.06510550 -51.22407940 663    0      240    5      0      115   
16     -30.04016480 -51.12223630 1157   134    194    5      0      116   
17     -30.02602630 -51.09878360 1755   0      53     5      0      117   
18     -30.02185530 -51.12943280 1313   32     92     5      0      118   
19     -30.03946000 -51.13996680 832    0      240    5      0      119   
20     -30.03764040 -51.11117210 1391   0      240    5      0      120   
21     -30.03957740 -51.13147970 2145   26     86     5      0      121   
22     -30.16359740 -51.18980150 572    44     104    5      0      122   
23     -29.99975130 -51.19853260 1287   0      240    5      0      123   
24     -30.00761350 -51.20734180 1066   64     124    5      0      124   
25     -30.10142190 -51.22214200 689    132    192    5      0      125   
26     -30.03850030 -51.10794650 325    142    202    5      0      126   
27     -30.07237270 -51.23453610 1846   138    198    5      0      127   
28     -30.03717700 -51.10459840 377    35     95     5      0      128   
29     -30.11709720 -51.22890590 273    50     110    5      0      129   
30     -30.12729810 -51.24213840 2041   0      58     5      0      130   
31     -30.08489260 -51.22357630 130    40     100    5      0      131   
32     -30.08127710 -51.22397800 2249   0      240    5      0      132   
33     -30.03654380 -51.11037550 2288   161    221    5      0      133   
34     -30.06955630 -51.22356730 1508   158    218    5      0      134   
35     -30.01775010 -51.10878670 858    0      46     5      0      135   
36     -30.00214820 -51.09514280 2041   19     79     5      0      136   
37     -30.00195050 -51.10249120 2301   0      46     5      0      137   
38     -30.03567710 -51.09925830 663    165    225    5      0      138   
39     -30.08904590 -51.22377370 234    99     159    5      0      139   
40     -30.10146690 -51.22427360 1599   0      240    5      0      140   
41     -30.00161090 -51.19241790 1482   65     125    5      0      141   
42     -30.03020160 -51.11683970 1092   31     91     5      0      142   
43     -30.02223140 -51.14889200 1157   163    223    5      0      143   
44     -30.07992740 -51.21645490 572    0      240    5      0      144   
45     -30.02428410 -51.08645080 819    150    210    5      0      145   
46     -30.02913150 -51.19001060 1781   32     92     5      0      146   
47     -30.04438270 -51.12765250 1144   1      61     5      0      147   
48     -30.06812130 -51.17281780 1898   25     85     5      0      148   
49     -30.02931940 -51.12817650 1300   3      63     5      0      149   
50     -30.08090470 -51.22715490 936    32     92     5      0      150   
51     -29.98686910 -51.18846450 923    0      240    5      0      151   
52     -30.04774920 -51.13001160 533    17     77     5      0      152   
53     -30.02819700 -51.10531160 221    116    176    5      0      153   
54     -29.98814840 -51.20002460 325    112    172    5      0      154   
55     -30.15311310 -51.20272800 2119   44     104    5      0      155   
56     -30.01476960 -51.20498140 1274   3      63     5      0      156   
57     -30.06744130 -51.18946220 1534   0      240    5      0      157   
58     -30.11058950 -51.22248810 143    125    185    5      0      158   
59     -30.15733620 -51.17389990 728    78     138    5      0      159   
60     -30.02128740 -51.08889080 2262   66     126    5      0      160   
61     -30.12698400 -51.22698950 2197   38     98     5      0      161   
62     -29.99416160 -51.13797750 1248   0      240    5      0      162   
63     -30.02310560 -51.12184450 1482   0      240    5      0      163   
64     -30.02810440 -51.10553700 1118   34     94     5      0      164   
65     -30.03332980 -51.11640510 2093   74     134    5      0      165   
66     -30.04475670 -51.12392070 1157   29     89     5      0      166   
67     -30.04643710 -51.12785350 2236   44     104    5      0      167   
68     -30.05548540 -51.22647430 455    88     148    5      0      168   
69     -30.04498890 -51.09469060 923    89     149    5      0      169   
70     -30.03225000 -51.14668540 2158   129    189    5      0      170   
71     -30.00835800 -51.14809100 1157   0      240    5      0      171   
72     -30.03168700 -51.11591940 1846   138    198    5      0      172   
73     -30.01231210 -51.09944550 1170   42     102    5      0      173   
74     -30.10262770 -51.22592230 884    117    177    5      0      174   
75     -30.01758700 -51.13316550 221    21     81     5      0      175   
76     -30.01784480 -51.11541850 1469   136    196    5      0      176   
77     -30.03819820 -51.13040720 1495   49     109    5      0      177   
78     -30.15829000 -51.18201060 416    54     114    5      0      178   
79     -30.01986300 -51.10078050 832    136    196    5      0      179   
80     -30.07262700 -51.22028150 1469   31     91     5      0      180   
81     -30.09985960 -51.23826250 546    170    230    5      0      181   
82     -30.06557860 -51.22739220 1144   84     144    5      0      182   
83     -30.04906700 -51.13163090 1261   151    211    5      0      183   
84     -30.02939180 -51.10607960 351    129    189    5      0      184   
85     -30.00889200 -51.18142870 338    0      36     5      0      185   
86     -30.03853510 -51.12066620 975    121    181    5      0      186   
87     -29.99679310 -51.09373900 2249   99     159    5      0      187   
88     -30.07869760 -51.23729360 1508   64     124    5      0      188   
89     -30.00533460 -51.20136300 1547   106    166    5      0      189   
90     -30.01841370 -51.14326560 832    114    174    5      0      190   
91     -30.00617950 -51.19732090 715    124    184    5      0      191   
92     -30.15492270 -51.15372970 1911   103    163    5      0      192   
93     -30.04185870 -51.12699270 1885   31     91     5      0      193   
94     -30.00503090 -51.08913710 1248   0      59     5      0      194   
95     -30.01687550 -51.12946660 2171   61     121    5      0      195   
96     -30.09598490 -51.24288860 1638   80     140    5      0      196   
97     -30.02936510 -51.10514400 923    38     98     5      0      197   
98     -30.02619790 -51.14076590 260    8      68     5      0      198   
99     -30.11608220 -51.24098160 2067   37     97     5      0      199   
100    -30.11263340 -51.23703280 2119   157    217    5      0      200   
101    -30.14856480 -51.10708020 -1898  96     156    5      1      0     
102    -30.11205440 -51.23197460 -962   102    162    5      2      0     
103    -30.02612050 -51.12654370 -1508  154    214    5      3      0     
104    -30.07875490 -51.22894880 -1027  85     145    5      4      0     
105    -30.01099790 -51.19841970 -1352  0      240    5      5      0     
106    -30.02549410 -51.10058340 -1105  74     134    5      6      0     
107    -30.02644010 -51.13178560 -1560  65     125    5      7      0     
108    -30.03758870 -51.09690450 -715   29     89     5      8      0     
109    -30.02246540 -51.13920330 -741   60     120    5      9      0     
110    -30.00866690 -51.11820290 -1703  133    193    5      10     0     
111    -30.03569440 -51.12284950 -2184  171    224    5      11     0     
112    -30.02967810 -51.13318900 -338   121    181    5      12     0     
113    -30.00904710 -51.09560930 -312   148    208    5      13     0     
114    -30.04688860 -51.10776740 -1261  107    167    5      14     0     
115    -30.05969490 -51.22693170 -663   0      240    5      15     0     
116    -30.03191840 -51.11702410 -1157  143    203    5      16     0     
117    -30.01756020 -51.10141760 -1755  11     71     5      17     0     
118    -30.03558650 -51.15298090 -1313  47     107    5      18     0     
119    -30.02280080 -51.12864680 -832   0      240    5      19     0     
120    -30.03349300 -51.11416250 -1391  0      240    5      20     0     
121    -30.03862520 -51.13181630 -2145  93     153    5      21     0     
122    -30.15219330 -51.16867540 -572   58     118    5      22     0     
123    -29.98784450 -51.20077570 -1287  0      240    5      23     0     
124    -30.01467550 -51.20674030 -1066  132    192    5      24     0     
125    -30.12333060 -51.21720590 -689   143    203    5      25     0     
126    -30.03530120 -51.12349470 -325   153    213    5      26     0     
127    -30.08196710 -51.22783280 -1846  151    211    5      27     0     
128    -30.03891340 -51.10575410 -377   43     103    5      28     0     
129    -30.11364160 -51.24747100 -273   63     123    5      29     0     
130    -30.13656700 -51.21516710 -2041  12     72     5      30     0     
131    -30.09164470 -51.24587020 -130   54     114    5      31     0     
132    -30.08281930 -51.22738550 -2249  0      240    5      32     0     
133    -30.03320740 -51.11005870 -2288  170    222    5      33     0     
134    -30.08678410 -51.23892270 -1508  171    218    5      34     0     
135    -30.01746660 -51.10106890 -858   9      69     5      35     0     
136    -30.02277370 -51.09536170 -2041  33     93     5      36     0     
137    -30.00580300 -51.11517330 -2301  11     71     5      37     0     
138    -30.03277910 -51.11808420 -663   177    224    5      38     0     
139    -30.15157680 -51.20272820 -234   118    178    5      39     0     
140    -30.13040120 -51.20556190 -1599  0      240    5      40     0     
141    -30.01513050 -51.19531210 -1482  77     137    5      41     0     
142    -30.02997110 -51.11696200 -1092  37     97     5      42     0     
143    -30.04470300 -51.15039560 -1157  175    227    5      43     0     
144    -30.06402620 -51.21482620 -572   0      240    5      44     0     
145    -30.01856670 -51.12236060 -819   169    227    5      45     0     
146    -30.00322740 -51.18657320 -1781  45     105    5      46     0     
147    -30.02632750 -51.14656520 -1144  15     75     5      47     0     
148    -30.07159370 -51.21066210 -1898  42     102    5      48     0     
149    -30.05028130 -51.13160510 -1300  18     78     5      49     0     
150    -30.07600760 -51.23027210 -936   40     100    5      50     0     
151    -30.02108220 -51.16846020 -923   0      240    5      51     0     
152    -30.02496160 -51.12797810 -533   31     91     5      52     0     
153    -30.02541590 -51.10949980 -221   124    184    5      53     0     
154    -29.99721330 -51.19022510 -325   120    180    5      54     0     
155    -30.16126920 -51.18113640 -2119  55     115    5      55     0     
156    -30.01071120 -51.19701980 -1274  11     71     5      56     0     
157    -30.08656340 -51.23067000 -1534  0      240    5      57     0     
158    -30.10793480 -51.22015850 -143   133    193    5      58     0     
159    -30.16049810 -51.17778640 -728   85     145    5      59     0     
160    -30.00473430 -51.10734480 -2262  82     142    5      60     0     
161    -30.10447930 -51.23329000 -2197  50     110    5      61     0     
162    -30.02009990 -51.11543710 -1248  0      240    5      62     0     
163    -30.03726010 -51.12287480 -1482  0      240    5      63     0     
164    -30.03475780 -51.11815390 -1118  45     105    5      64     0     
165    -30.02608000 -51.11395220 -2093  83     143    5      65     0     
166    -30.03257880 -51.11974030 -1157  38     98     5      66     0     
167    -30.04613080 -51.13169660 -2236  51     111    5      67     0     
168    -30.08285770 -51.23190730 -455   103    163    5      68     0     
169    -30.03555780 -51.12042160 -923   100    160    5      69     0     
170    -30.04334140 -51.14478170 -2158  138    198    5      70     0     
171    -29.99969010 -51.14544000 -1157  0      240    5      71     0     
172    -30.03023320 -51.11212540 -1846  145    205    5      72     0     
173    -30.01770100 -51.10143070 -1170  53     113    5      73     0     
174    -30.10775900 -51.24333810 -884   129    189    5      74     0     
175    -30.02517210 -51.12728770 -221   30     90     5      75     0     
176    -30.01781530 -51.09321910 -1469  147    207    5      76     0     
177    -30.02927320 -51.12784310 -1495  60     120    5      77     0     
178    -30.16042420 -51.17301020 -416   63     123    5      78     0     
179    -30.02328100 -51.11123860 -832   144    204    5      79     0     
180    -30.07276590 -51.22381340 -1469  39     99     5      80     0     
181    -30.11190040 -51.24060450 -546   180    214    5      81     0     
182    -30.09186960 -51.24271140 -1144  99     159    5      82     0     
183    -30.01883550 -51.13501780 -1261  167    227    5      83     0     
184    -30.02344760 -51.12195280 -351   141    201    5      84     0     
185    -30.02451570 -51.20265970 -338   14     74     5      85     0     
186    -30.04157840 -51.10598100 -975   129    189    5      86     0     
187    -30.01955050 -51.10034470 -2249  111    171    5      87     0     
188    -30.08224210 -51.22901750 -1508  72     132    5      88     0     
189    -30.01749180 -51.19455170 -1547  117    177    5      89     0     
190    -30.04575770 -51.13265630 -832   128    188    5      90     0     
191    -30.00497090 -51.20632120 -715   132    192    5      91     0     
192    -30.16621090 -51.18662960 -1911  122    182    5      92     0     
193    -30.01637280 -51.12808690 -1885  48     108    5      93     0     
194    -30.01525220 -51.12215920 -1248  14     74     5      94     0     
195    -30.03553180 -51.13123050 -2171  72     132    5      95     0     
196    -30.11366400 -51.23635740 -1638  91     151    5      96     0     
197    -30.03680450 -51.11148820 -923   49     109    5      97     0     
198    -30.03729620 -51.14469730 -260   18     78     5      98     0     
199    -30.11034650 -51.22342700 -2067  49     109    5      99     0     
200    -30.09794700 -51.23707310 -2119  169    217    5      100    0     
DEPOTS
<id>   <lt>        <lg>        <lTW>  <uTW> 
201    -30.00569480 -51.17902360 0      240   
202    -30.11608220 -51.24098160 0      240   
203    -30.11034650 -51.22342700 0      240   
204    -30.09794700 -51.23707310 0      240   
