NAME: poa-n200-5
LOCATION: Porto-Alegre
COMMENT:  Sartori and Buriol (2019)
SIZE: 200
DEPOTS: 4
ROUTE-TIME: 240
TIME-WINDOW: 120
VEHICLES
<type>       <cw>        <mp>       
Light duty   3500        4000       
Medium duty  5500        12500      
Heavy duty   14000       26000      
NODES
<id>   <lt>        <lg>        <dem>  <lTW>  <uTW>  <dur>  <p>    <d>   
1      -30.05779060 -51.15252550 1079   45     165    5      0      101   
2      -30.15566830 -51.21743160 728    0      86     5      0      102   
3      -30.12498820 -51.21770820 312    19     139    5      0      103   
4      -30.02228660 -51.17187680 1976   0      115    5      0      104   
5      -30.07157260 -51.21780580 2249   31     151    5      0      105   
6      -30.07013040 -51.15162560 1105   50     170    5      0      106   
7      -30.01039610 -51.19310740 702    88     208    5      0      107   
8      -30.15325390 -51.16312270 1560   0      97     5      0      108   
9      -30.10098620 -51.14064440 351    137    240    5      0      109   
10     -30.02825350 -51.22571280 1755   124    240    5      0      110   
11     -30.15995260 -51.14339820 1326   88     208    5      0      111   
12     -30.11748060 -51.10720800 1976   0      120    5      0      112   
13     -30.03708550 -51.14911320 1313   128    240    5      0      113   
14     -30.01357100 -51.17620720 1014   66     186    5      0      114   
15     -30.04124820 -51.17793790 143    0      103    5      0      115   
16     -30.04287610 -51.09366700 2262   0      84     5      0      116   
17     -30.08053620 -51.19430040 2015   0      240    5      0      117   
18     -30.03920040 -51.14046040 507    110    230    5      0      118   
19     -30.01977740 -51.10779230 1053   39     159    5      0      119   
20     -30.09014210 -51.19534730 1690   0      85     5      0      120   
21     -30.11267030 -51.16098140 1391   41     161    5      0      121   
22     -30.01048180 -51.19620800 975    36     156    5      0      122   
23     -30.13329680 -51.20192170 2093   0      107    5      0      123   
24     -30.06394790 -51.14258590 1222   12     132    5      0      124   
25     -30.09449310 -51.17404330 2301   21     141    5      0      125   
26     -30.10171170 -51.22961920 1027   0      80     5      0      126   
27     -30.16801400 -51.19315370 897    49     169    5      0      127   
28     -29.98160150 -51.13417370 2145   83     203    5      0      128   
29     -30.00696620 -51.14330310 1586   0      240    5      0      129   
30     -30.11232840 -51.23500460 1092   0      89     5      0      130   
31     -30.03218120 -51.11803430 1040   57     177    5      0      131   
32     -29.99357120 -51.13853960 585    106    226    5      0      132   
33     -30.01796190 -51.11180580 481    0      100    5      0      133   
34     -30.03513520 -51.11387920 676    58     178    5      0      134   
35     -30.06570650 -51.22513740 1469   45     165    5      0      135   
36     -30.07572420 -51.22294280 1300   0      240    5      0      136   
37     -30.14051350 -51.21278200 2223   115    235    5      0      137   
38     -30.15225780 -51.13586950 299    0      116    5      0      138   
39     -30.05595960 -51.18129210 780    99     219    5      0      139   
40     -29.98946720 -51.19643160 1534   91     211    5      0      140   
41     -30.18586430 -51.19424610 234    129    240    5      0      141   
42     -30.15946860 -51.22562980 507    17     137    5      0      142   
43     -30.09052090 -51.23779740 2301   24     144    5      0      143   
44     -30.03176510 -51.13833090 1079   0      240    5      0      144   
45     -30.16109440 -51.13730120 1326   0      240    5      0      145   
46     -30.07243740 -51.19522530 1144   0      104    5      0      146   
47     -30.13180510 -51.19257380 1001   2      122    5      0      147   
48     -30.02009990 -51.10966860 1105   26     146    5      0      148   
49     -30.06596300 -51.19168970 845    81     201    5      0      149   
50     -29.97810860 -51.12483870 1001   98     218    5      0      150   
51     -30.16331320 -51.21116010 663    98     218    5      0      151   
52     -30.02547150 -51.10201200 1456   40     160    5      0      152   
53     -30.02628710 -51.19579420 1339   0      118    5      0      153   
54     -30.01090050 -51.20220640 260    0      117    5      0      154   
55     -30.14909090 -51.14830280 1183   84     204    5      0      155   
56     -30.01732160 -51.11762770 2015   2      122    5      0      156   
57     -29.99284520 -51.22532230 1105   99     219    5      0      157   
58     -30.03400470 -51.15028340 936    0      240    5      0      158   
59     -30.13096670 -51.23577600 1313   72     192    5      0      159   
60     -29.98963210 -51.18879800 533    38     158    5      0      160   
61     -30.00867530 -51.11893440 1716   27     147    5      0      161   
62     -30.04247420 -51.20867780 1898   80     200    5      0      162   
63     -30.00785280 -51.19723500 1716   0      94     5      0      163   
64     -30.02698230 -51.10287450 1586   0      108    5      0      164   
65     -30.02157640 -51.13879900 156    0      88     5      0      165   
66     -30.06410020 -51.21810270 1248   0      96     5      0      166   
67     -30.02444060 -51.12009040 1404   0      240    5      0      167   
68     -30.08306710 -51.19232540 2067   93     213    5      0      168   
69     -30.09207920 -51.12471730 1924   24     144    5      0      169   
70     -30.16943110 -51.19544970 1651   0      87     5      0      170   
71     -30.01774410 -51.13543890 2288   81     201    5      0      171   
72     -29.99606180 -51.14695960 1040   93     213    5      0      172   
73     -30.01399390 -51.13097560 1027   79     199    5      0      173   
74     -30.03537820 -51.18659980 884    0      240    5      0      174   
75     -30.12162420 -51.25335410 2210   0      86     5      0      175   
76     -30.03585810 -51.18458410 273    47     167    5      0      176   
77     -30.01486150 -51.18265600 286    55     175    5      0      177   
78     -30.00317460 -51.12505620 1976   0      106    5      0      178   
79     -30.00608900 -51.12035360 585    61     181    5      0      179   
80     -30.01983870 -51.10897510 1677   0      240    5      0      180   
81     -30.04503270 -51.19342720 2158   0      99     5      0      181   
82     -30.12752950 -51.20961720 1690   13     133    5      0      182   
83     -30.11500620 -51.22592740 1469   0      85     5      0      183   
84     -30.09445950 -51.17459040 2197   61     181    5      0      184   
85     -30.08840000 -51.12605220 1261   0      240    5      0      185   
86     -29.97702370 -51.17330910 1209   0      94     5      0      186   
87     -30.12044030 -51.09936670 2054   94     214    5      0      187   
88     -29.98574550 -51.19529150 2132   98     218    5      0      188   
89     -30.16060300 -51.17046720 377    0      118    5      0      189   
90     -30.01840810 -51.18257380 1365   132    240    5      0      190   
91     -30.05219290 -51.22696010 663    34     154    5      0      191   
92     -30.04014120 -51.10900750 1599   0      111    5      0      192   
93     -30.08083590 -51.21904850 1495   22     142    5      0      193   
94     -29.98330060 -51.22328210 1625   69     189    5      0      194   
95     -30.11259270 -51.25550880 624    24     144    5      0      195   
96     -30.07370590 -51.22252630 364    126    240    5      0      196   
97     -29.99237370 -51.10404580 1170   103    223    5      0      197   
98     -30.08200890 -51.17447490 1261   64     184    5      0      198   
99     -30.11385710 -51.14126960 546    77     197    5      0      199   
100    -30.09347880 -51.24274750 1820   79     199    5      0      200   
101    -30.03935140 -51.12383800 -1079  60     180    5      1      0     
102    -30.07649370 -51.22661080 -728   26     146    5      2      0     
103    -30.22842290 -51.05733160 -312   59     179    5      3      0     
104    -30.07894050 -51.19234610 -1976  22     142    5      4      0     
105    -30.03341770 -51.18663430 -2249  50     170    5      5      0     
106    -30.11053590 -51.10581240 -1105  69     189    5      6      0     
107    -30.03865490 -51.09971190 -702   125    213    5      7      0     
108    -30.03891560 -51.14220300 -1560  45     165    5      8      0     
109    -30.10270550 -51.13970550 -351   144    236    5      9      0     
110    -30.05569930 -51.15121100 -1755  148    224    5      10     0     
111    -30.05693760 -51.22667940 -1326  125    217    5      11     0     
112    -29.99399710 -51.13772320 -1976  40     160    5      12     0     
113    -30.01327770 -51.11227050 -1313  148    214    5      13     0     
114    -29.98657630 -51.13673070 -1014  84     204    5      14     0     
115    -30.04534790 -51.18668120 -143   9      129    5      15     0     
116    -30.03260510 -51.18657660 -2262  22     142    5      16     0     
117    -30.03625270 -51.09871000 -2015  0      240    5      17     0     
118    -30.11342690 -51.25842040 -507   141    215    5      18     0     
119    -30.17336810 -51.08635840 -1053  83     203    5      19     0     
120    -30.06740880 -51.23022100 -1690  22     142    5      20     0     
121    -30.04603200 -51.15302450 -1391  68     188    5      21     0     
122    -30.04452800 -51.14996920 -975   54     174    5      22     0     
123    -30.03693390 -51.18251710 -2093  31     151    5      23     0     
124    -30.03726170 -51.13553800 -1222  30     150    5      24     0     
125    -30.06806160 -51.18765190 -2301  41     161    5      25     0     
126    -30.00003170 -51.15531460 -1027  30     150    5      26     0     
127    -30.00406220 -51.20596990 -897   104    211    5      27     0     
128    -30.03174520 -51.20436460 -2145  106    216    5      28     0     
129    -29.99920390 -51.12640990 -1586  0      240    5      29     0     
130    -30.07651230 -51.17497420 -1092  29     149    5      30     0     
131    -29.99975570 -51.13803860 -1040  72     192    5      31     0     
132    -30.03999050 -51.18406820 -585   127    218    5      32     0     
133    -30.12566250 -51.20811110 -481   50     170    5      33     0     
134    -30.15260790 -51.13771410 -676   98     218    5      34     0     
135    -30.04757710 -51.22284380 -1469  56     176    5      35     0     
136    -30.15388320 -51.21923190 -1300  0      240    5      36     0     
137    -30.10524190 -51.11478790 -2223  160    229    5      37     0     
138    -30.03785740 -51.16379210 -299   51     171    5      38     0     
139    -30.05941060 -51.18496820 -780   107    221    5      39     0     
140    -30.02744150 -51.12860820 -1534  114    217    5      40     0     
141    -30.16456180 -51.13398510 -234   153    217    5      41     0     
142    -30.02527880 -51.10054680 -507   75     195    5      42     0     
143    -30.02248710 -51.09723690 -2301  60     180    5      43     0     
144    -30.00256470 -51.09765240 -1079  0      240    5      44     0     
145    -30.13487350 -51.20030680 -1326  0      240    5      45     0     
146    -30.07487950 -51.15383880 -1144  20     140    5      46     0     
147    -30.02626880 -51.09237690 -1001  59     179    5      47     0     
148    -30.23507010 -51.09539400 -1105  81     201    5      48     0     
149    -29.99359760 -51.13353930 -845   116    211    5      49     0     
150    -30.09876510 -51.23354380 -1001  136    218    5      50     0     
151    -30.02678750 -51.10963040 -663   143    215    5      51     0     
152    -30.02608900 -51.13280050 -1456  59     179    5      52     0     
153    -30.04954020 -51.21006280 -1339  14     134    5      53     0     
154    -29.99317090 -51.10425300 -260   24     144    5      54     0     
155    -30.03616290 -51.15663630 -1183  126    220    5      55     0     
156    -30.14902210 -51.14680780 -2015  57     177    5      56     0     
157    -30.06319910 -51.18765990 -1105  121    221    5      57     0     
158    -30.17556420 -51.19066630 -936   0      240    5      58     0     
159    -30.02308980 -51.17241160 -1313  109    215    5      59     0     
160    -29.99569440 -51.19023130 -533   51     171    5      60     0     
161    -29.98740730 -51.13114510 -1716  39     159    5      61     0     
162    -30.15978460 -51.17416390 -1898  114    220    5      62     0     
163    -30.07671200 -51.21308500 -1716  22     142    5      63     0     
164    -30.15379630 -51.14209670 -1586  46     166    5      64     0     
165    -30.11470090 -51.18246130 -156   35     155    5      65     0     
166    -30.08872030 -51.12321390 -1248  26     146    5      66     0     
167    -30.10390040 -51.24783650 -1404  0      240    5      67     0     
168    -30.15068470 -51.13723120 -2067  127    219    5      68     0     
169    -29.99480290 -51.10501120 -1924  62     182    5      69     0     
170    -30.02383880 -51.12526940 -1651  47     167    5      70     0     
171    -30.13028540 -51.21664900 -2288  122    221    5      71     0     
172    -30.01050390 -51.11309390 -1040  109    214    5      72     0     
173    -30.02818770 -51.21858970 -1027  101    215    5      73     0     
174    -30.02592080 -51.12425250 -884   0      240    5      74     0     
175    -30.04374080 -51.15743090 -2210  29     149    5      75     0     
176    -30.09337330 -51.17456640 -273   78     198    5      76     0     
177    -30.15069620 -51.14802900 -286   116    217    5      77     0     
178    -30.06762950 -51.14477280 -1976  23     143    5      78     0     
179    -30.03157320 -51.20731440 -585   85     205    5      79     0     
180    -30.06805270 -51.21628290 -1677  0      240    5      80     0     
181    -29.98198290 -51.12532290 -2158  26     146    5      81     0     
182    -30.18419360 -51.18635560 -1690  41     161    5      82     0     
183    -30.05934870 -51.19181540 -1469  22     142    5      83     0     
184    -30.01447620 -51.15151470 -2197  98     216    5      84     0     
185    -30.12204960 -51.20211810 -1261  0      240    5      85     0     
186    -30.14765670 -51.20696010 -1209  43     163    5      86     0     
187    -30.07139070 -51.19480460 -2054  123    222    5      87     0     
188    -30.17857410 -51.18029410 -2132  145    217    5      88     0     
189    -30.07982230 -51.16081570 -377   42     162    5      89     0     
190    -30.08919280 -51.20857570 -1365  156    221    5      90     0     
191    -30.08849370 -51.12448290 -663   61     181    5      91     0     
192    -30.06664810 -51.22987410 -1599  29     149    5      92     0     
193    -30.02889940 -51.18727880 -1495  43     163    5      93     0     
194    -30.00121420 -51.19156050 -1625  86     206    5      94     0     
195    -30.01825330 -51.12391440 -624   63     183    5      95     0     
196    -30.12656760 -51.21124770 -364   148    222    5      96     0     
197    -30.15894000 -51.17312180 -1170  161    220    5      97     0     
198    -30.00910340 -51.12915480 -1261  98     213    5      98     0     
199    -30.05340440 -51.18581140 -546   107    220    5      99     0     
200    -30.03646690 -51.11759130 -1820  109    218    5      100    0     
DEPOTS
<id>   <lt>        <lg>        <lTW>  <uTW> 
201    -30.10600930 -51.15423440 0      240   
202    -30.11385710 -51.14126960 0      240   
203    -30.05340440 -51.18581140 0      240   
204    -30.03646690 -51.11759130 0      240   
