NAME: poa-n150-2
LOCATION: Porto-Alegre
COMMENT:  Sartori and Buriol (2019)
SIZE: 150
DEPOTS: 4
ROUTE-TIME: 240
TIME-WINDOW: 120
VEHICLES
<type>       <cw>        <mp>       
Light duty   3500        4000       
Medium duty  5500        12500      
Heavy duty   14000       26000      
NODES
<id>   <lt>        <lg>        <dem>  <lTW>  <uTW>  <dur>  <p>    <d>   
1      -30.06016920 -51.18154430 1640   274    394    15     0      76    
2      -30.06992260 -51.19799060 1080   0      480    15     0      77    
3      -30.23396800 -51.09469360 2360   291    411    15     0      78    
4      -29.98033400 -51.12920090 760    295    415    15     0      79    
5      -29.98659100 -51.13074280 2080   34     154    15     0      80    
6      -30.07599630 -51.19991740 1480   28     148    15     0      81    
7      -30.06490050 -51.19019560 1400   358    478    15     0      82    
8      -29.99899670 -51.10518460 2280   0      99     15     0      83    
9      -30.06837240 -51.17957790 2200   322    442    15     0      84    
10     -30.04985370 -51.21642510 840    181    301    15     0      85    
11     -30.00884170 -51.11863080 1000   31     151    15     0      86    
12     -29.98204710 -51.12605170 1000   126    246    15     0      87    
13     -30.08092480 -51.19311260 1160   111    231    15     0      88    
14     -30.06696510 -51.20284760 2160   294    414    15     0      89    
15     -30.07345290 -51.21416120 560    43     163    15     0      90    
16     -30.05304700 -51.18515210 1360   0      86     15     0      91    
17     -30.03020050 -51.18234040 560    150    270    15     0      92    
18     -30.24246980 -51.07886500 1280   153    273    15     0      93    
19     -30.06199850 -51.17070540 2240   69     189    15     0      94    
20     -30.06042480 -51.20474270 1600   306    426    15     0      95    
21     -30.06754430 -51.16684480 600    248    368    15     0      96    
22     -30.07020610 -51.17862700 1360   313    433    15     0      97    
23     -30.03839820 -51.18369910 1520   214    334    15     0      98    
24     -30.05622930 -51.18318730 1560   276    396    15     0      99    
25     -30.07308520 -51.22311320 1120   139    259    15     0      100   
26     -29.99907540 -51.15808710 560    351    471    15     0      101   
27     -30.01653400 -51.21284090 1480   73     193    15     0      102   
28     -30.05136170 -51.18798040 2280   0      100    15     0      103   
29     -30.04943300 -51.19250630 1960   339    459    15     0      104   
30     -30.03816560 -51.16870250 2160   105    225    15     0      105   
31     -30.07839470 -51.21798990 1600   329    449    15     0      106   
32     -29.98855650 -51.12007220 1200   182    302    15     0      107   
33     -29.98650900 -51.13151810 600    303    423    15     0      108   
34     -29.98633150 -51.12844670 1120   195    315    15     0      109   
35     -30.07117210 -51.22090830 1400   159    279    15     0      110   
36     -30.10916120 -51.22044070 2080   112    232    15     0      111   
37     -30.22392240 -51.08372390 1800   160    280    15     0      112   
38     -29.98562560 -51.11998340 2360   196    316    15     0      113   
39     -29.98323580 -51.13326370 1280   125    245    15     0      114   
40     -29.98213200 -51.12754650 1960   0      480    15     0      115   
41     -30.06229810 -51.18984420 1160   308    428    15     0      116   
42     -30.07470330 -51.16083730 1080   0      480    15     0      117   
43     -30.07756360 -51.18952710 2400   153    273    15     0      118   
44     -29.97978050 -51.12846720 2240   286    406    15     0      119   
45     -30.06861870 -51.18303560 1560   0      480    15     0      120   
46     -30.07192890 -51.18155210 2240   56     176    15     0      121   
47     -30.07348700 -51.21264900 2000   0      102    15     0      122   
48     -30.05990780 -51.18619370 400    142    262    15     0      123   
49     -30.04650600 -51.18262990 680    53     173    15     0      124   
50     -30.07282430 -51.19287170 1200   210    330    15     0      125   
51     -30.06979050 -51.21115210 760    224    344    15     0      126   
52     -30.06263430 -51.20485190 1160   298    418    15     0      127   
53     -29.99456860 -51.13792770 1120   326    446    15     0      128   
54     -29.98092960 -51.13674830 800    192    312    15     0      129   
55     -29.98713440 -51.11400510 1240   330    450    15     0      130   
56     -29.99009420 -51.11645180 1920   302    422    15     0      131   
57     -30.04531210 -51.16797400 2240   0      100    15     0      132   
58     -30.06953650 -51.20499880 1800   299    419    15     0      133   
59     -30.01316830 -51.12848660 920    80     200    15     0      134   
60     -30.05310760 -51.19898360 1040   0      94     15     0      135   
61     -30.05831960 -51.16943080 1760   71     191    15     0      136   
62     -30.23266750 -51.09350970 1640   266    386    15     0      137   
63     -29.98424490 -51.12574770 1760   19     139    15     0      138   
64     -30.05051810 -51.18820500 440    59     179    15     0      139   
65     -30.06298470 -51.18868510 680    129    249    15     0      140   
66     -29.98136890 -51.13611340 2000   0      109    15     0      141   
67     -30.08344790 -51.21223420 1040   279    399    15     0      142   
68     -29.98804180 -51.12832140 1840   0      480    15     0      143   
69     -30.05619350 -51.23045240 1400   114    234    15     0      144   
70     -30.06083000 -51.19438150 840    11     131    15     0      145   
71     -30.05780500 -51.19097310 2160   3      123    15     0      146   
72     -30.09431900 -51.20189370 560    236    356    15     0      147   
73     -30.06832520 -51.18403410 2320   230    350    15     0      148   
74     -29.97918130 -51.13642300 1440   93     213    15     0      149   
75     -30.06515930 -51.19599790 2360   195    315    15     0      150   
76     -30.02574060 -51.15010800 -1640  302    422    15     1      0     
77     -30.09365840 -51.22877660 -1080  0      480    15     2      0     
78     -29.99485080 -51.09651110 -2360  371    438    15     3      0     
79     -30.05734120 -51.21823260 -760   333    453    15     4      0     
80     -30.06782570 -51.16924730 -2080  77     197    15     5      0     
81     -30.05723370 -51.18229110 -1480  49     169    15     6      0     
82     -30.07894050 -51.19234610 -1400  380    461    15     7      0     
83     -30.11962400 -51.10175550 -2280  46     166    15     8      0     
84     -30.01149550 -51.20170940 -2200  351    452    15     9      0     
85     -30.08221980 -51.19476220 -840   206    326    15     10     0     
86     -29.99372560 -51.13802970 -1000  53     173    15     11     0     
87     -30.04371840 -51.15368510 -1000  276    396    15     12     0     
88     -30.18780260 -51.18530540 -1160  170    290    15     13     0     
89     -29.97826950 -51.11989750 -2160  339    437    15     14     0     
90     -30.21089330 -51.18185810 -560   208    328    15     15     0     
91     -30.07637220 -51.16362190 -1360  27     147    15     16     0     
92     -29.99770970 -51.09445030 -560   186    306    15     17     0     
93     -30.06745730 -51.16906520 -1280  215    335    15     18     0     
94     -30.05977320 -51.19097800 -2240  92     212    15     19     0     
95     -30.04735860 -51.17931080 -1600  331    451    15     20     0     
96     -30.23364760 -51.09465330 -600   307    427    15     21     0     
97     -30.06495610 -51.19764250 -1360  335    455    15     22     0     
98     -30.07988780 -51.16883080 -1520  243    363    15     23     0     
99     -29.99988210 -51.10415010 -1560  312    432    15     24     0     
100    -29.97810860 -51.12483870 -1120  183    303    15     25     0     
101    -30.07128770 -51.18124960 -560   385    461    15     26     0     
102    -30.15472370 -51.13553740 -1480  128    248    15     27     0     
103    -30.06076940 -51.15364560 -2280  123    243    15     28     0     
104    -30.06192600 -51.20738660 -1960  362    464    15     29     0     
105    -30.06795410 -51.17080480 -2160  129    249    15     30     0     
106    -30.02495140 -51.22333550 -1600  359    455    15     31     0     
107    -30.01467550 -51.20674030 -1200  220    340    15     32     0     
108    -30.01490030 -51.19860430 -600   333    453    15     33     0     
109    -30.10146690 -51.22427360 -1120  244    364    15     34     0     
110    -30.06258680 -51.19668640 -1400  182    302    15     35     0     
111    -29.97923050 -51.13170500 -2080  159    279    15     36     0     
112    -30.05652490 -51.22124920 -1800  219    339    15     37     0     
113    -30.07139070 -51.19480460 -2360  242    362    15     38     0     
114    -30.05527130 -51.14741190 -1280  157    277    15     39     0     
115    -30.05611660 -51.18328890 -1960  0      480    15     40     0     
116    -30.11123160 -51.10338740 -1160  343    447    15     41     0     
117    -30.15267690 -51.15094980 -1080  0      480    15     42     0     
118    -30.15250380 -51.14758490 -2400  203    323    15     43     0     
119    -30.02016410 -51.15631030 -2240  315    435    15     44     0     
120    -30.09757380 -51.23037100 -1560  0      480    15     45     0     
121    -30.07304390 -51.19173240 -2240  75     195    15     46     0     
122    -30.10605480 -51.15241400 -2000  33     153    15     47     0     
123    -30.03399020 -51.12026060 -400   172    292    15     48     0     
124    -30.12683950 -51.10917610 -680   211    331    15     49     0     
125    -29.99454600 -51.12535630 -1200  250    370    15     50     0     
126    -30.03332310 -51.14550460 -760   256    376    15     51     0     
127    -30.07552440 -51.22688060 -1160  322    442    15     52     0     
128    -30.05539740 -51.19484010 -1120  361    461    15     53     0     
129    -30.04874580 -51.15896380 -800   226    346    15     54     0     
130    -29.98735450 -51.13023530 -1240  351    443    15     55     0     
131    -30.04168320 -51.12406690 -1920  327    447    15     56     0     
132    -30.02912840 -51.11022470 -2240  31     151    15     57     0     
133    -30.04265380 -51.15596990 -1800  330    450    15     58     0     
134    -30.03004670 -51.12913230 -920   101    221    15     59     0     
135    -30.12510030 -51.23741680 -1040  34     154    15     60     0     
136    -30.01235950 -51.19213270 -1760  103    223    15     61     0     
137    -30.11027340 -51.15411890 -1640  314    434    15     62     0     
138    -30.00666280 -51.12080980 -1760  42     162    15     63     0     
139    -30.10962700 -51.23647000 -440   95     215    15     64     0     
140    -30.00541240 -51.11458290 -680   166    286    15     65     0     
141    -30.08089170 -51.17600610 -2000  58     178    15     66     0     
142    -29.98612350 -51.20060140 -1040  321    441    15     67     0     
143    -30.08965990 -51.22870980 -1840  0      480    15     68     0     
144    -30.11585810 -51.10632730 -1400  157    277    15     69     0     
145    -30.17595410 -51.19064580 -840   65     185    15     70     0     
146    -30.00511230 -51.14272050 -2160  35     155    15     71     0     
147    -30.13865380 -51.21325760 -560   271    391    15     72     0     
148    -30.12333900 -51.21663950 -2320  261    381    15     73     0     
149    -30.14299790 -51.21780290 -1440  268    388    15     74     0     
150    -30.04851800 -51.16556710 -2360  220    340    15     75     0     
DEPOTS
<id>   <lt>        <lg>        <lTW>  <uTW> 
151    -30.13728730 -51.21701990 0      240   
152    -30.01326160 -51.20055420 0      240   
153    -30.00293840 -51.19848510 0      240   
154    -30.05505970 -51.20681780 0      240   
